Palmeiras — 1961, 1968, 1971, 1973, 1974, 1979, 1994, 1995, 1999, 2000, 2001, 2005, 2006, 2009, 2013, 2016, 2017, 2018, 2019, 2020, 2021, 2022, 2023, 2024, 2025, 2026
São Paulo — 1972, 1974, 1978, 1982, 1987, 1992, 1993, 1994, 2004, 2005, 2006, 2007, 2008, 2009, 2010, 2013, 2015, 2016, 2019, 2020, 2021, 2024, 2025
Flamengo — 1981, 1982, 1983, 1984, 1991, 1993, 2002, 2007, 2008, 2010, 2012, 2014, 2017, 2018, 2019, 2020, 2021, 2022, 2023, 2024, 2025, 2026
Grêmio — 1982, 1983, 1984, 1990, 1995, 1996, 1997, 1998, 2002, 2003, 2007, 2009, 2011, 2013, 2014, 2016, 2017, 2018, 2019, 2020, 2021, 2024
Corinthians — 1977, 1991, 1996, 1999, 2000, 2003, 2006, 2010, 2011, 2012, 2013, 2015, 2016, 2018, 2020, 2022, 2023, 2025, 2026
Cruzeiro — 1967, 1975, 1976, 1977, 1994, 1997, 1998, 2001, 2004, 2008, 2009, 2010, 2011, 2014, 2015, 2018, 2019, 2026
Santos — 1962, 1963, 1964, 1965, 1984, 2003, 2004, 2005, 2007, 2008, 2011, 2012, 2017, 2018, 2020, 2021
Internacional — 1976, 1977, 1980, 1989, 1993, 2006, 2007, 2010, 2011, 2012, 2015, 2019, 2020, 2021, 2023, 2025
Atlético-MG — 1972, 1978, 1981, 2000, 2013, 2014, 2015, 2016, 2017, 2019, 2021, 2022, 2023, 2024
Fluminense — 1971, 1985, 2008, 2011, 2012, 2013, 2021, 2022, 2023, 2024, 2026
Vasco — 1975, 1980, 1985, 1990, 1998, 1999, 2001, 2012, 2018
Athletico-PR — 2000, 2002, 2005, 2014, 2017, 2019, 2020, 2022, 2023
Botafogo — 1963, 1973, 1996, 2014, 2017, 2024, 2025, 2026
Bahia — 1960, 1964, 1989, 2025, 2026
Guarani — 1979, 1987, 1988
São Caetano — 2001, 2002, 2004
Fortaleza — 2022, 2023, 2025
Coritiba — 1986, 2004
Sport — 1988, 2009
Chapecoense — 2017, 2018
Red Bull Bragantino — 2022, 2024
Náutico — 1968
Bangu — 1986
Criciúma — 1992
Juventude — 2000
Paysandu — 2003
Santo André — 2005
Goiás — 2006
Paulista — 2006
Paraná — 2007
América-MG — 2022
Mirassol — 2026
