# 🌎 FONTE OFICIAL — clubes que disputaram a Libertadores, por ano.
# Lista mandada pelo Diego em 20/08/2026, base histórica até a edição de 2026.
# Formato: Clube — ano, ano, ano...   (o nome do clube tem que bater com o campo
# `club` das cartas em src/escalacao/data.ts)
# ⚠️ A fonte conta "clube que disputou ao menos uma partida", então inclui quem
# caiu na PRÉ.
# 🏷️ Clubes sul-americanos com nome IGUAL a europeu levam o país no nome
# (Liverpool (URU), Arsenal de Sarandí, Everton (CHI), Rangers (CHI),
# Valencia (VEN)) — senão o Liverpool da Inglaterra entrava no baralho. A regra do Diego é que a pré só conta se o clube chegou aos
# grupos — as exceções ficam em CAIU_NA_PRE, no scripts/liberta-conta.mjs.

## BRASIL
Palmeiras — 1961, 1968, 1971, 1973, 1974, 1979, 1994, 1995, 1999, 2000, 2001, 2005, 2006, 2009, 2013, 2016, 2017, 2018, 2019, 2020, 2021, 2022, 2023, 2024, 2025, 2026
São Paulo — 1972, 1974, 1978, 1982, 1987, 1992, 1993, 1994, 2004, 2005, 2006, 2007, 2008, 2009, 2010, 2013, 2015, 2016, 2019, 2020, 2021, 2024, 2025
Flamengo — 1981, 1982, 1983, 1984, 1991, 1993, 2002, 2007, 2008, 2010, 2012, 2014, 2017, 2018, 2019, 2020, 2021, 2022, 2023, 2024, 2025, 2026
Grêmio — 1982, 1983, 1984, 1990, 1995, 1996, 1997, 1998, 2002, 2003, 2007, 2009, 2011, 2013, 2014, 2016, 2017, 2018, 2019, 2020, 2021, 2024
Corinthians — 1977, 1991, 1996, 1999, 2000, 2003, 2006, 2010, 2011, 2012, 2013, 2015, 2016, 2018, 2020, 2022, 2023, 2025, 2026
Cruzeiro — 1967, 1975, 1976, 1977, 1994, 1997, 1998, 2001, 2004, 2008, 2009, 2010, 2011, 2014, 2015, 2018, 2019, 2026
Santos — 1962, 1963, 1964, 1965, 1984, 2003, 2004, 2005, 2007, 2008, 2011, 2012, 2017, 2018, 2020, 2021
Internacional — 1976, 1977, 1980, 1989, 1993, 2006, 2007, 2010, 2011, 2012, 2015, 2019, 2020, 2021, 2023, 2025
Atlético-MG — 1972, 1978, 1981, 2000, 2013, 2014, 2015, 2016, 2017, 2019, 2021, 2022, 2023, 2024
Fluminense — 1971, 1985, 2008, 2011, 2012, 2013, 2021, 2022, 2023, 2024, 2026
Vasco — 1975, 1980, 1985, 1990, 1998, 1999, 2001, 2012, 2018
Athletico-PR — 2000, 2002, 2005, 2014, 2017, 2019, 2020, 2022, 2023
Atlético-PR — 2000, 2002, 2005, 2014, 2017, 2019, 2020, 2022, 2023
Botafogo — 1963, 1973, 1996, 2014, 2017, 2024, 2025, 2026
Bahia — 1960, 1964, 1989, 2025, 2026
Guarani — 1979, 1987, 1988
São Caetano — 2001, 2002, 2004
Fortaleza — 2022, 2023, 2025
Coritiba — 1986, 2004
Sport — 1988, 2009
Chapecoense — 2017, 2018
Red Bull Bragantino — 2022, 2024
Náutico — 1968
Bangu — 1986
Criciúma — 1992
Juventude — 2000
Paysandu — 2003
Santo André — 2005
Goiás — 2006
Paulista — 2006
Paraná — 2007
América-MG — 2022
Mirassol — 2026

## ARGENTINA
River Plate — 1966, 1967, 1970, 1973, 1976, 1977, 1978, 1980, 1981, 1982, 1986, 1987, 1990, 1991, 1993, 1995, 1996, 1997, 1998, 1999, 2000, 2001, 2002, 2003, 2004, 2005, 2006, 2007, 2008, 2009, 2015, 2016, 2017, 2018, 2019, 2020, 2021, 2022, 2023, 2024, 2025
Boca Juniors — 1963, 1965, 1966, 1970, 1971, 1977, 1978, 1979, 1982, 1986, 1989, 1991, 1994, 2000, 2001, 2002, 2003, 2004, 2005, 2007, 2008, 2009, 2012, 2013, 2015, 2016, 2018, 2019, 2020, 2021, 2022, 2023, 2025, 2026
Independiente — 1961, 1964, 1965, 1966, 1968, 1972, 1973, 1974, 1975, 1976, 1978, 1979, 1984, 1985, 1987, 1990, 1995, 2004, 2011, 2018
Estudiantes — 1968, 1969, 1970, 1971, 1976, 1983, 1984, 2006, 2008, 2009, 2010, 2011, 2015, 2017, 2018, 2022, 2024, 2025, 2026
San Lorenzo — 1960, 1973, 1988, 1992, 1996, 2000, 2001, 2002, 2005, 2008, 2009, 2014, 2015, 2016, 2017, 2019, 2021, 2024
Vélez Sarsfield — 1980, 1994, 1995, 1997, 1999, 2001, 2002, 2004, 2006, 2007, 2010, 2011, 2012, 2013, 2014, 2021, 2022, 2025
Rosario Central — 1971, 1972, 1974, 1975, 1981, 1987, 2000, 2001, 2004, 2006, 2016, 2019, 2024, 2026
Racing — 1962, 1967, 1968, 1989, 1997, 2003, 2015, 2016, 2018, 2020, 2021, 2023, 2025
Newell's Old Boys — 1975, 1988, 1992, 1993, 2006, 2010, 2013, 2014
Lanús — 2008, 2009, 2010, 2012, 2014, 2017, 2026
Argentinos Juniors — 1985, 1986, 2011, 2021, 2023, 2026
Huracán — 1974, 2015, 2016, 2019, 2023
Talleres — 2002, 2019, 2022, 2024, 2025
Godoy Cruz — 2011, 2012, 2017, 2019, 2024
Banfield — 2005, 2007, 2010, 2018
Arsenal de Sarandí — 2008, 2012, 2013, 2014
Colón — 1998, 2010, 2022
Atlético Tucumán — 2017, 2018, 2020
Quilmes — 1979, 2005
Ferro Carril Oeste — 1983, 1985
Gimnasia y Esgrima — 2003, 2007
Tigre — 2013, 2020
Defensa y Justicia — 2020, 2021
Patronato — 2023
Central Córdoba — 2025
Independiente Rivadavia — 2026
Platense — 2026

## URUGUAI
Nacional — 1962, 1964, 1966, 1967, 1968, 1969, 1970, 1971, 1972, 1973, 1974, 1976, 1979, 1980, 1981, 1983, 1984, 1988, 1989, 1991, 1992, 1993, 1994, 1997, 1998, 1999, 2000, 2001, 2002, 2003, 2004, 2005, 2006, 2007, 2008, 2009, 2010, 2011, 2012, 2013, 2014, 2015, 2016, 2017, 2018, 2019, 2020, 2021, 2022, 2023, 2024, 2025, 2026
Peñarol — 1960, 1961, 1962, 1963, 1965, 1966, 1967, 1968, 1969, 1970, 1971, 1972, 1973, 1974, 1975, 1976, 1977, 1978, 1979, 1981, 1982, 1983, 1985, 1986, 1987, 1988, 1989, 1995, 1996, 1997, 1998, 2000, 2001, 2002, 2003, 2004, 2005, 2009, 2011, 2012, 2013, 2014, 2016, 2017, 2018, 2019, 2020, 2022, 2024, 2025, 2026
Defensor Sporting — 1977, 1980, 1982, 1990, 1992, 1994, 1996, 2001, 2006, 2007, 2009, 2012, 2013, 2014, 2018, 2019, 2024, 2025
Montevideo Wanderers — 1975, 1983, 1986, 1988, 2002, 2008, 2015, 2017, 2018, 2021
Danubio — 1978, 1984, 1989, 2005, 2007, 2008, 2015, 2019
Bella Vista — 1981, 1985, 1991, 1993, 1999, 2000
Liverpool (URU) — 2011, 2021, 2023, 2024, 2026
Progreso — 1987, 1990, 2020
Cerro — 1995, 2010, 2017
Fénix — 2003, 2004
Boston River — 2023, 2025
Rocha — 2006
Racing (URU) — 2010
River Plate (URU) — 2016
Cerro Largo — 2020
Rentistas — 2021
Montevideo City Torque — 2022
Plaza Colonia — 2022
Deportivo Maldonado — 2023
Juventud — 2026

## CHILE
Colo-Colo — 1961, 1964, 1967, 1971, 1973, 1974, 1980, 1982, 1983, 1985, 1987, 1988, 1989, 1990, 1991, 1992, 1994, 1997, 1998, 1999, 2003, 2004, 2005, 2006, 2007, 2008, 2009, 2010, 2011, 2015, 2016, 2017, 2018, 2020, 2022, 2023, 2024, 2025
Universidad Católica — 1962, 1966, 1967, 1968, 1969, 1984, 1986, 1988, 1990, 1992, 1993, 1995, 1996, 1997, 1998, 1999, 2000, 2002, 2003, 2006, 2008, 2010, 2011, 2012, 2017, 2019, 2020, 2021, 2022, 2026
Universidad de Chile — 1960, 1963, 1965, 1966, 1968, 1970, 1972, 1977, 1981, 1995, 1996, 2000, 2001, 2005, 2009, 2010, 2012, 2013, 2014, 2015, 2016, 2018, 2019, 2020, 2021, 2025
Unión Española — 1971, 1973, 1974, 1975, 1976, 1978, 1994, 2006, 2011, 2012, 2014, 2017, 2021
Cobreloa — 1981, 1982, 1983, 1987, 1989, 1993, 2000, 2001, 2002, 2003, 2004, 2005, 2007
Palestino — 1976, 1978, 1979, 2015, 2019, 2020, 2024
O'Higgins — 1979, 1980, 1984, 2014, 2026
Huachipato — 1975, 2013, 2024, 2026
Santiago Wanderers — 1969, 2002, 2018
Everton (CHI) — 1977, 2009, 2022
Cobresal — 1986, 2016, 2024
Universidad de Concepción — 2004, 2018, 2019
Audax Italiano — 2007, 2008, 2022
Deportes Iquique — 2013, 2017, 2025
Magallanes — 1985, 2023
Deportes Concepción — 1991, 2001
Coquimbo Unido — 1992, 2026
Ñublense — 2023, 2025
Rangers (CHI) — 1970
Unión San Felipe — 1972
Unión La Calera — 2021
Curicó Unido — 2023

## PARAGUAI
Cerro Porteño — 1962, 1964, 1967, 1969, 1971, 1972, 1973, 1974, 1975, 1978, 1980, 1981, 1985, 1988, 1990, 1991, 1992, 1993, 1994, 1995, 1996, 1997, 1998, 1999, 2000, 2001, 2002, 2003, 2005, 2006, 2007, 2008, 2010, 2011, 2013, 2014, 2015, 2016, 2018, 2019, 2020, 2021, 2022, 2023, 2024, 2025, 2026
Olimpia — 1960, 1961, 1963, 1966, 1969, 1970, 1972, 1973, 1974, 1975, 1976, 1977, 1979, 1980, 1981, 1982, 1983, 1984, 1986, 1987, 1988, 1989, 1990, 1991, 1993, 1994, 1995, 1996, 1998, 1999, 2000, 2001, 2002, 2003, 2004, 2012, 2013, 2016, 2017, 2018, 2019, 2020, 2021, 2022, 2023, 2025
Libertad — 1968, 1977, 1978, 2003, 2004, 2005, 2006, 2007, 2008, 2009, 2010, 2011, 2012, 2013, 2015, 2017, 2018, 2019, 2020, 2021, 2022, 2023, 2024, 2025, 2026
Guaraní (PAR) — 1965, 1966, 1967, 1968, 1970, 1971, 1985, 1997, 2001, 2004, 2009, 2011, 2014, 2015, 2016, 2017, 2018, 2020, 2021, 2022, 2026
Nacional (PAR) — 1983, 1986, 2006, 2009, 2010, 2012, 2014, 2019, 2023, 2024, 2025
Sol de América — 1979, 1980, 1982, 1987, 1989, 1992
Sportivo Luqueño — 1976, 1984, 2008
Colegiales — 1991, 2000
12 de Octubre — 2002, 2003
Tacuary — 2005, 2007
Deportivo Capiatá — 2017
Sportivo Trinidense — 2024
2 de Mayo — 2026

## COLÔMBIA
Atlético Nacional — 1972, 1974, 1975, 1977, 1982, 1989, 1990, 1991, 1992, 1993, 1995, 2000, 2006, 2008, 2012, 2014, 2015, 2016, 2017, 2018, 2019, 2021, 2022, 2023, 2024, 2025
Deportivo Cali — 1968, 1969, 1970, 1971, 1973, 1975, 1977, 1978, 1979, 1981, 1986, 1987, 1997, 1999, 2001, 2003, 2004, 2006, 2014, 2016, 2022
América de Cali — 1970, 1980, 1983, 1984, 1985, 1986, 1987, 1988, 1991, 1992, 1993, 1996, 1998, 2000, 2001, 2002, 2003, 2005, 2009, 2020, 2021
Millonarios — 1960, 1962, 1963, 1964, 1968, 1973, 1974, 1976, 1979, 1985, 1988, 1989, 1995, 1997, 2013, 2017, 2018, 2022, 2023, 2024
Junior — 1971, 1978, 1981, 1984, 1994, 1996, 2000, 2001, 2005, 2010, 2011, 2012, 2017, 2018, 2019, 2020, 2021, 2024, 2026
Santa Fe — 1961, 1967, 1972, 1976, 1980, 2006, 2013, 2014, 2015, 2016, 2017, 2018, 2021, 2025, 2026
Independiente Medellín — 1967, 1994, 2003, 2005, 2009, 2010, 2017, 2019, 2020, 2023, 2026
Deportes Tolima — 1982, 1983, 2004, 2007, 2011, 2013, 2019, 2020, 2022, 2025, 2026
Once Caldas — 1999, 2002, 2004, 2005, 2010, 2011, 2012, 2015
Atlético Bucaramanga — 1998, 2025
Cúcuta Deportivo — 2007, 2008
Boyacá Chicó — 2008, 2009
Unión Magdalena — 1969
Cortuluá — 2002
Deportivo Pasto — 2007
Deportivo Pereira — 2023
Águilas Doradas — 2024

## EQUADOR
Barcelona (EQU) — 1961, 1964, 1967, 1969, 1971, 1972, 1981, 1982, 1983, 1986, 1987, 1988, 1990, 1991, 1992, 1993, 1994, 1996, 1998, 2003, 2004, 2013, 2015, 2017, 2019, 2020, 2021, 2022, 2023, 2024, 2025, 2026
Emelec — 1962, 1966, 1967, 1968, 1971, 1973, 1980, 1989, 1990, 1994, 1995, 1997, 1999, 2000, 2001, 2002, 2003, 2007, 2010, 2011, 2012, 2013, 2014, 2015, 2016, 2017, 2018, 2019, 2022
El Nacional — 1968, 1973, 1974, 1975, 1977, 1978, 1979, 1983, 1984, 1985, 1987, 1993, 1995, 1997, 2000, 2001, 2002, 2003, 2004, 2006, 2007, 2009, 2012, 2017, 2023, 2024, 2025
LDU Quito — 1970, 1975, 1976, 1978, 1982, 1991, 1999, 2000, 2004, 2005, 2006, 2007, 2008, 2009, 2011, 2013, 2016, 2019, 2020, 2021, 2024, 2025, 2026
Independiente del Valle — 2014, 2015, 2016, 2017, 2018, 2020, 2021, 2022, 2023, 2024, 2025, 2026
Deportivo Quito — 1965, 1969, 1986, 1989, 1998, 2009, 2010, 2011, 2012, 2014
Deportivo Cuenca — 1976, 1977, 2005, 2006, 2008, 2009, 2010
Universidad Católica (EQU) — 1974, 1980, 2021, 2022, 2023, 2026
Olmedo — 2001, 2002, 2005, 2008
9 de Octubre — 1966, 1984, 1985
Delfín — 2018, 2019, 2020
Técnico Universitario — 1979, 1981
Macará — 2018, 2020
Aucas — 2023, 2024
Everest — 1963
Filanbanco — 1988
Valdez — 1992
ESPOLI — 1996

## PERU
Sporting Cristal — 1962, 1968, 1969, 1971, 1973, 1974, 1978, 1980, 1981, 1984, 1989, 1990, 1992, 1993, 1995, 1996, 1997, 1998, 1999, 2000, 2001, 2002, 2003, 2004, 2005, 2006, 2007, 2009, 2013, 2014, 2015, 2016, 2017, 2019, 2020, 2021, 2022, 2023, 2024, 2025, 2026
Universitario — 1961, 1965, 1966, 1967, 1968, 1970, 1971, 1972, 1973, 1975, 1979, 1983, 1985, 1986, 1988, 1989, 1991, 1993, 1994, 1996, 1999, 2000, 2001, 2003, 2006, 2009, 2010, 2014, 2017, 2018, 2020, 2021, 2022, 2024, 2025, 2026
Alianza Lima — 1963, 1964, 1966, 1972, 1976, 1978, 1979, 1983, 1987, 1988, 1994, 1995, 1997, 1998, 2000, 2002, 2003, 2004, 2005, 2007, 2010, 2011, 2012, 2015, 2018, 2019, 2020, 2022, 2023, 2024, 2025, 2026
Melgar — 1982, 1984, 2016, 2017, 2018, 2019, 2023, 2024, 2025
Sport Boys — 1967, 1977, 1985, 1991, 1992, 2001
Cienciano — 2002, 2004, 2005, 2006, 2007, 2008
Cusco — 2013, 2014, 2018, 2019, 2026
Juan Aurich — 1969, 2010, 2012, 2015
Universidad César Vallejo — 2013, 2016, 2021, 2022
Unión Huaral — 1975, 1977, 1990
Universidad San Martín — 2008, 2009, 2011
Deportivo Municipal — 1982, 2017
Sport Huancayo — 2012, 2023
Defensor Arica — 1970
Defensor Lima — 1974
Alfonso Ugarte — 1976
Atlético Chalaco — 1980
Atlético Torino — 1981
UTC — 1986
San Agustín — 1987
Coronel Bolognesi — 2008
León de Huánuco — 2011
Binacional — 2020
Ayacucho — 2021

## BOLÍVIA
Bolívar — 1967, 1969, 1970, 1976, 1977, 1979, 1983, 1984, 1986, 1988, 1989, 1991, 1992, 1993, 1994, 1995, 1997, 1998, 2000, 2002, 2003, 2004, 2005, 2006, 2007, 2010, 2011, 2012, 2013, 2014, 2016, 2018, 2019, 2020, 2021, 2022, 2023, 2024, 2025, 2026
The Strongest — 1965, 1971, 1975, 1978, 1980, 1981, 1982, 1987, 1989, 1990, 1994, 2000, 2001, 2003, 2004, 2005, 2006, 2012, 2013, 2014, 2015, 2016, 2017, 2018, 2019, 2020, 2021, 2022, 2023, 2024, 2025, 2026
Oriente Petrolero — 1972, 1973, 1977, 1978, 1980, 1985, 1987, 1988, 1990, 1991, 1997, 1998, 2001, 2002, 2003, 2005, 2006, 2011, 2014, 2016, 2018
Jorge Wilstermann — 1960, 1961, 1966, 1968, 1973, 1974, 1975, 1979, 1981, 1982, 1986, 1995, 1999, 2001, 2004, 2011, 2017, 2018, 2019, 2020
Blooming — 1983, 1984, 1985, 1999, 2000, 2007, 2010, 2025
San José — 1992, 1993, 1996, 2008, 2013, 2015, 2019, 2020
Always Ready — 1968, 2021, 2022, 2023, 2024, 2026
Real Potosí — 2002, 2007, 2008, 2009, 2010, 2012
Municipal — 1962, 1966, 1974
Aurora — 1964, 2009, 2024
Universitario de Sucre — 2009, 2015, 2017
Chaco Petrolero — 1971, 1972
Guabirá — 1976, 1996
Nacional Potosí — 2023, 2026
Litoral — 1969
La Paz — 2008
Royal Pari — 2021
Independiente Petrolero — 2022
San Antonio Bulo Bulo — 2025

## VENEZUELA
Deportivo Táchira — 1980, 1982, 1983, 1985, 1987, 1988, 1989, 1991, 2000, 2001, 2004, 2005, 2006, 2007, 2009, 2010, 2011, 2012, 2015, 2016, 2017, 2018, 2020, 2021, 2022, 2024, 2025, 2026
Caracas — 1993, 1995, 1996, 1998, 2002, 2004, 2005, 2006, 2007, 2008, 2009, 2010, 2011, 2012, 2013, 2014, 2016, 2019, 2020, 2021, 2022, 2024
Deportivo Italia — 1964, 1966, 1967, 1969, 1971, 1972, 1985, 2000, 2001, 2010, 2011
Deportivo Galicia — 1965, 1967, 1968, 1970, 1971, 1975, 1976, 1979, 1980
Portuguesa — 1974, 1975, 1976, 1977, 1978, 1979, 1981, 1984, 2024
Estudiantes de Mérida — 1977, 1978, 1981, 1982, 1987, 1999, 2003, 2020
Zamora — 2012, 2014, 2015, 2017, 2019, 2023
Carabobo — 2017, 2018, 2020, 2023, 2025, 2026
Marítimo — 1988, 1989, 1991, 1992, 1994
Mineros de Guayana — 1990, 1997, 2005, 2008, 2015
Deportivo Lara — 2013, 2018, 2019, 2021, 2022
Minervén — 1993, 1994, 1996, 1997
Unión Atlético Maracaibo — 2004, 2006, 2007, 2008
Monagas — 2018, 2022, 2023, 2025
Valencia (VEN) — 1970, 1972, 1974
Universidad de Los Andes — 1984, 1992, 1999
Trujillanos — 1995, 2002, 2016
Deportivo Anzoátegui — 2009, 2013, 2014
Deportivo La Guaira — 2019, 2021, 2026
Universidad Central — 2025, 2026
Metropolitanos — 2023
Academia Puerto Cabello — 2024

## MÉXICO (convidado)
América — 1998, 2000, 2002, 2004, 2007, 2008, 2011
Guadalajara — 1998, 2005, 2006, 2008, 2009, 2010, 2012
Morelia — 2002, 2010, 2014, 2015
Tigres — 2005, 2006, 2012, 2015
Atlas — 2000, 2008, 2015
Cruz Azul — 2001, 2003, 2012
Pumas — 2003, 2006, 2016
Toluca — 2007, 2013, 2016
San Luis — 2009, 2010, 2011
Necaxa — 1999, 2007
Monterrey — 1999, 2010
Santos Laguna — 2004, 2014
Pachuca — 2005, 2009
León — 2013, 2014
Atlante — 2001
Tecos — 2010
Jaguares — 2011
Tijuana — 2013
Puebla — 2016
